2.9905378399051927
2.628573631764062
2.5326744252445352
2.4046035688940552
2.413770161648585
2.3472095369184847
2.3079236009800357
2.281600365555149
2.2948598277569063
2.230730503225258
2.3540382860407156
2.2803305218483727
2.2526528156085237
2.214728622819619
2.1977604980936576
2.1980096469937545
2.240735375278768
2.200890302080663
2.204692581889915
2.2253060960749784
2.246989578488205
2.229674183618106
2.167686977600801
2.190898256963336
2.192607934626291
2.1703761073858665
2.1506748941021887
2.153972200901347
2.117974679654503
2.126541837931789
2.1470927394200134
2.139717397027245
2.237427461532836
2.196774535007559
2.1821689880233914
2.1689587714172123
2.1901266690755836
2.138404966457584
2.122770308812104
2.1760557351627443
2.0993385750018834
2.0908287183478746
2.1033301745374966
2.0786595283501286
2.0881297570551025
2.073476403418534
2.1252300816663996
2.105485612519548
2.078060108853596
2.067809684241198
2.1405763488474667
2.145579018060761
2.08616641165047
2.0769640866689194
2.097165222579374
2.1384138535608006
2.0832668521665925
2.0704607310884735
2.0604085899286977
2.0468560309607495
2.1505822962828307
2.0692451528266873
2.0431186793286042
2.027091781849489
2.112675758609249
2.1104447884272806
2.074333960967453
2.1001580314083763
2.0722470818387566
2.039309010523495
2.075950835637689
2.038164006013267
2.001446605566563
2.0775156614174586
2.0655221963320662
2.062771348616933
2.0562807762460404
2.045387425009748
2.0862786602203305
2.0220122540163397
2.049810626406699
2.0403529395631694
2.032486283906037
2.062115676795962
2.053023035061097
2.0419131128805605
2.026563150990581
2.049968293260402
2.0417490855933846
2.019970149003565
2.0336005720129218
2.0832871322079316
2.0457527407587732
2.0673341721365044
2.0449741736780345
2.025579622558254
2.0735487430561093
2.017008153146968
2.015458849686901
2.0513436906149134
2.054901409188465
2.0002405269193186
2.083052988921195
2.0546773809719916
2.0185346279624428
2.046518058486687
2.0604609639407125
2.0413882958675242
2.036630088588724
1.9514265570581848
2.099517481440876
2.026186418524501
2.0486113923588474
2.039295941570811
2.0792386800026272
2.0488610858169065
2.0141915389183693
2.030463846133166
2.003249662907548
2.0344062339390145
