3.333172896549283
2.81568219299697
2.6735006413679625
2.669496438750185
2.672381866422708
2.6302828848226936
2.5447911911508823
2.524263227147399
2.6222088473646643
2.5443861618382404
2.555877027425914
2.602023957219227
2.4778663659291515
2.5372349193302335
2.5145876182225346
2.4585959662166372
2.4791188851749233
2.4698207151804072
2.442509164205745
2.456686815085679
2.4758963067869333
2.4929193368212457
2.492990946450177
2.5135607387413015
2.4624439453494555
2.4558129875512
2.4724218359955583
2.4412584441063516
2.480552175213513
2.416514543349609
2.4207828610399087
2.3782337647217995
2.3990386838689393
2.412220131462876
2.447538357159713
2.443507434560963
2.4339044517312356
2.4080522148475607
2.4062800069478736
2.4656313359293396
2.4219110416615024
2.3880695171355293
2.3760553765355343
2.4548570791804862
2.392049012210873
2.4405218068337455
2.394057749470967
2.3838372141759843
2.4309749479392666
2.3744984354725176
2.4235113593140043
2.3667443120528877
2.4704993635986225
2.3841219721849685
2.3486139125690406
2.3726976355341844
2.342501815523053
2.3819555487395228
2.358107203098942
2.38023236854907
2.3547851089403236
2.38459517308003
2.394536853173133
2.377617169376479
2.381211423244801
2.3261654492751322
2.398607157057735
2.4412735253810856
2.4878452929338026
2.3987313010867384
2.3539385600876797
2.2969537348897546
2.321994551490705
2.298066576076499
2.3590996895696312
2.3766537511459487
2.353386183177656
2.346459961595945
2.368283094714137
2.3409014286977152
2.343537341219065
2.3794906027284575
2.308757950505259
2.36570139357062
2.3364909848694553
2.360546852850826
2.420302163435658
2.3668992779991402
2.368122473977681
2.3803961612553537
2.361562886138662
2.348356927435101
2.3625565722970627
2.3499271471267584
2.3608905878975137
2.3083571206017583
2.323415606749115
2.355135085477721
2.348486084690721
2.3736018930937695
2.377054684309138
2.3881608130320777
2.357534465023912
2.34660885495453
2.3408884505114775
2.3443727886125
2.2965004585671123
2.352695740006802
2.332273835711634
2.393505719701643
2.3705521444110644
2.3139433178078685
2.3518319237251393
2.2914930042341757
2.3603096525340317
2.3141659222119784
2.3482619130488636
2.3143999928886974
2.3307316440966317
2.3129137693139032
2.426702061032307
2.304355831345064
2.334829877499276
2.342047861410142
