 0.980387559465866,
 0.6138332072750277,
 0.6622565361034043,
 0.6588748396095208,
 0.6670089702070827,
 0.6622776339560645,
 0.6025977758832246,
 0.5466552587508293,
 0.5799835974838905,
 0.5845467203891186,
 0.5867330861382867,
 0.5776176210836739,
 0.5376165712417362,
 0.5224034586129609,
 0.569011531418754,
 0.545484496955668,
 0.5763107812139345,
 0.614424305987415,
 0.578352824440441,
 0.5242809088406577,
 0.5548492738143724,
 0.5257463931140565,
 0.5326157406103353,
 0.5631644328337801,
 0.5483919546612701,
 0.5125295521001678,
 0.5440680884742792,
 0.5074970372228218,
 0.540705218045866,
