  2.303648249132067,
  1.2861168947518586,
  0.8548721602888265,
  1.0035051537384398,
  1.0484782601146119,
  0.9000103150322594,
  0.7402756472881444,
  0.6767120642102562,
  0.5983757789949309,
  0.5907863242658584,
  0.7106369493409908,
  0.7485950009663815,
  0.5485656157357277,
  0.5302019192184435,
  0.6032816695455421,
  0.444865301277074,
  0.4286765691725052,
  0.6674036620605235,
  0.4475728295945032,
  0.745844090017171,
  0.391216621921304,
  0.5115365489401742,
  0.42490519403277305,
  0.5071544730962405,
  0.433595708640484,
  0.48481947918337176,
