0.14824475684877214
0.18232059518732058
0.15959533909706103
0.1695935382402851
0.19247343697831099
0.24446369631234077
0.19952918526507624
0.23900340332443548
0.23737441935896264
0.28425127642362646
0.2416185550614216
0.1743480530582815
0.19014326328630204
0.21621985345036698
0.20876993230126928
0.17029531237919393
0.1703319782598225
0.22023291172986603
0.18919134490063882
0.1946004127195291
0.2900511075898873
0.18700121938082503
0.20318330854769506
0.14587561092492862
0.23023757840531545
0.1888069329008779
0.17630395946614286
0.25042934557647456
0.15878698052443418
0.21587693364617166
0.22808102114676743
0.12301240321187379
0.18884265963636437
0.2175702432616653
0.22307641219200036
0.14331026065243968
0.22169655133731503
0.18875722215614665
0.178092641089437
0.1552349377620743
0.1465230510432054
0.16792932533977378
0.14151870637824615
0.21279665215866217
0.14124171139099673
0.1524062379075577
0.14059895540095546
0.1814489931295995
0.20989509036438214
0.1998476926113213
0.18962576972441525
0.1759159061114115
0.1754423704286463
0.13155023430623025
0.14380355764903996
0.17254634530718782
