1.5626540691227624
1.625063208371886
1.7353207618095343
1.6129845162237053
1.5182139966339387
1.6302523913050753
1.5418859758860817
1.5633911685932735
1.5044463289722316
1.4951214763115868
1.5621596556465098
1.5264355660400721
1.534596256702822
1.4984941518793575
1.5262454769253337
1.5177889771272748
1.5234447907197572
1.4972626545299819
1.515953820585643
1.4427171267769299
1.5420873137267477
1.4581967616722362
1.469817270296813
1.4960092176587083
1.4629190105524557
1.3790801138224962
1.3963535775010882
1.4468002873475325
1.4410077387964342
1.4043587196272633
1.4290715177465656
1.486758517732211
1.3967093566080715
1.420378097883797
1.3531773942453145
1.3912724023452885
1.501716213811019
1.3762389753106667
1.4561934656627185
1.3793488271427201
1.3482725785327425
1.3964371044572852
1.4153006632320033
1.3996549848597837
1.3738391635412643
1.39952969578135
1.3660359621901255
1.3705810181697191
1.3291329160778738
1.3646064037431216
1.4095727939610612
1.3539729740146667
1.3980239532455214
1.3136772061225614
1.3725330449522455
1.379203929790747
1.3378228646018795
1.3565614630086185
1.38134034085139
1.3646572544147013
1.334650878504312
1.3619801952305421
1.3440244142760265
1.3508357923537604
1.3361446466752906
1.3359925088905853
1.3710757193829504
1.364064695561511
1.3084067649367028
1.3217532989733167
1.335843709487299
1.284676707164699
1.35805273048248
1.3944379922076722
1.292966984058328
1.2688493366550841
1.3377654988915977
1.2838771664267508
1.2760632896960344
1.3464612237178002
1.3172734031855338
1.2652839652262304
1.3305387945839577
1.2699287560634287
1.320478210575314
1.3258051007493616
1.262672594451986
1.334654498986849
1.317366736422787
1.261990955135231
1.31874124576748
1.2695496851864525
1.2988680459317075
1.3098141164367765
1.2709118639795431
1.3596186575403668
1.2776472029299313
1.323926948603143
1.266947596352278
1.3431750525124833
1.2976568677140867
1.2817421780852372
1.2833835684777666
1.2821969663684947
1.2730172598257792
1.2517567372868568
1.2835733466975305
1.2486889031282526
1.3199172295787946
1.284036884536113
1.2847305892950263
1.282442907715636
1.2530908779167245
1.3132339553708268
1.2546586366166692
1.2374773619881407
1.2677461060524824
1.2673551247577195
1.2515787011423822
1.292759341413594
1.2359378860538333
1.3089409331065665
1.271561096026823
1.2566936819990782
1.2794216176581579
1.2755446449925425
1.2611621401459385
1.282622712340922
1.244116817122831
1.2723467456007274
1.2772660098824826
1.2543550025252501
1.2255563274572312
1.2838384832301157
1.2372465785504931
1.253942658595338
1.2346290562793427
1.2615697580550151
1.2879017038175649
1.245941280297427
1.2861980243769675
1.2615888037993972
1.2434658156203908
1.2720161922524595
1.2634075005434569
1.261947078386818
1.2337706206302175
1.2375848301914902
1.2235722753049507
1.2610513450955472
1.2342902919820928
1.2457984402589817
1.2817279618495787
1.2384826768690183
1.233672055459078
1.2294158020858563
1.2499194706762142
1.2099864072401778
1.237218448366193
1.2509575523295438
1.231346249276854
1.2357192263758499
1.2292747634007102
1.2667194211109116
1.210868386117076
1.2258803553392288
1.2276386832752648
1.2319407539943963
1.2585431141229557
1.2390362319311
1.2534061847971465
1.2181561891023827
1.2010604586155973
1.2606845575867414
1.241701840183158
1.2451804959168604
1.228267757307723
1.226240601269114
1.2407370971509675
1.241571850573669
1.2449459337472948
1.220900694068033
1.2197106756295608
1.2159358061576329
1.2623564407465782
1.2454162785995684
1.2463396070057398
1.2099424392863287
1.2395413632018175
1.2447180366749615
1.2189322175267228
1.2532400845002996
1.1899186277754388
1.2341740488977269
1.2318447577754186
1.2148628334838953
1.2068400421227827
1.21774304073172
1.229505226598972
1.2537083334211843
1.2293519011661878
1.2024591337668231
1.242911706303257
1.1924300253183753
1.213478932495829
1.2201908210684145
1.2816832018331108
1.197463808000341
1.2257748187603856
1.2316391199535133
1.2097523286260654
1.2096182293160989
1.2418816172876352
1.2038534293893097
1.2118782860805255
1.2272675714537677
1.257583595800099
1.1878350554156474
1.2573216504042866
1.18811030854673
1.22577749193729
1.206862163374015
1.2343716679928978
1.1995483772773456
1.212635150116207
1.2031375553972872
1.1892588489428542
1.2273502821480682
1.1879942899932652
1.2161254640243562
1.2137496766147398
1.2284195739579846
1.2040025202525284
1.2279284232526604
1.2097822953515174
1.2350306661102635
1.1939862963781542
1.1977035545950006
1.2178517266412356
1.2099888329802408
1.2433287592057907
1.1972910884555814
1.1933252512070232
1.206405057468527
1.2113422742553799
1.2136171559317817
1.2233688332839867
1.1939722500255736
1.1971922866842013
1.229635580486563
1.2129488218993598
1.2093565498370578
1.2105865548631314
1.1911949515526132
1.2090744412810737
1.21388594483289
1.2352092685557134
1.212376136346381
1.1997566109693634
1.193185557668291
1.21002332950961
1.179746209557689
1.1885741811290071
1.2191643101575924
1.220352951529765
1.2099196994550543
1.2396671714817713
1.1886249727712133
1.1906264980361914
1.2115208818170542
1.197427201775919
1.1959485529771083
1.1964927971641217
1.2045614884834681
1.1895606551228666
1.1907366017581535
1.194813892456943
1.1901590862221698
1.1766441134676424
1.2124314660059305
1.2345874816231306
1.1840425814666384
1.1760341671431105
1.1892074711461775
1.1857196694228709
1.1874943575168628
1.2336249551310083
1.1896211716170817
1.1722409508681035
1.1915007529154236
1.1916184703303112
1.200320895676835
1.209426152378183
1.1876494065574266
1.213438203078761
1.1890429014933743
1.18108601242041
1.2017029120048817
1.2112692711209285
1.1829390724385207
1.19630555705121
1.186405872811692
1.201072370675717
1.1825539761791266
1.2154544718332978
1.1780717079161789
1.1812727519440103
1.1978166796402419
1.2196877992014707
1.197372798002411
1.190469750889516
1.1795771065708265
1.2149183880577
1.1880523222844406
1.1736796330998331
1.2118334110671927
1.1806792613128443
1.1732753019261972
1.181239926962151
1.1926675973391883
1.1854585799825546
1.1906544864348367
1.1927495088173035
1.232841950584005
1.1980276542676742
1.1739236196342513
1.2040846008268429
1.199200403161629
1.1902816533782137
1.1677914216672949
1.1856458930357696
1.207096158624446
1.1872158596948075
1.2059262227757372
1.167303093456089
1.1707495408566126
1.1825073445276744
1.179288261257621
1.240691738708716
1.2291487514342738
1.1959395183248254
1.1798783206055832
1.183253338139092
1.1776304179127537
1.1885337086217835
1.1867109635946096
1.1518380440376583
1.1769563017497173
1.1793068394240342
1.1768901550339783
1.1682333694894014
1.184918033222037
1.1674976939988808
1.2054995923871592
1.164798397646311
1.1715674169156496
1.1916207534473124
1.193655622768762
1.1579118722488453
1.160316609157079
1.1544550940349012
1.1590497468428709
1.1880318486237662
1.1782208259745601
1.172960763828227
1.2044999746212006
1.1801640360013534
1.166150216682237
1.1881128234355418
1.1788994167586637
1.175695421415359
1.1657631081346715
1.1806463245362868
1.1733174006881861
1.1679891592959297
1.1900191794149688
1.1766801424276259
1.1783286445122445
1.1679014716458853
1.1819225803918403
1.1584474929632165
1.1576491818462642
