1.5626540691227624
1.4475744484842616
1.3809387292266728
1.3085170605491443
1.2643399943964844
1.3008436893398918
1.252232313430925
1.2369992426910876
1.2130515973767113
1.1858981328885334
1.1887277308756472
1.1893963693047709
1.1926628344003825
1.162157391914747
1.2023031677172509
1.1869820560904851
1.1730258070448722
1.1756629335021127
1.178827793361656
1.161681746468074
1.182740885068576
1.1537445027284785
1.1587965967709617
1.1740659158142144
1.1631100782449835
1.1690802871354684
1.1600066222903596
1.1628754324974702
1.1430164620685352
1.1935798844773475
1.1542227030025258
1.1965966447603333
1.1794804361620095
1.1798046245596525
1.1825279770867048
1.180337125925856
1.1977317782703079
1.1667562465482983
