1.5626540691227624
1.391970341366862
1.326118409496155
1.2607919913939354
1.1953914323219668
1.1761504210466562
1.160597827468154
1.1567388582818592
1.145336111880638
1.1509724470334526
1.1441271450243993
1.1422759868584949
1.1382640629591185
1.1404012312310043
1.14652484068228
1.1401715248350188
1.1236172324453226
1.1277012003007723
1.139937596846888
1.1629508704955573
1.1318838053445397
1.1351895978713353
1.1334219751385333
1.1302019963515846
1.1272717752858077
1.1450590425113103
1.1312571787342773
1.1288388405614487
1.1399623980252342
1.132193762000883
1.132449376607021
1.163733305334773
1.1454766259653284
1.1553824907750412
1.1385434462652344
1.1216723949741225
1.1308008674435928
1.1236369620870925
1.1521256312862362
1.1243433912674334
1.1496709456833012
1.145995281834969
1.1619023684881504
