1.5626540691227624
3.9024565632599595
2.1611595666958485
1.7646139927579927
1.7361986836301828
1.5718510994584989
1.4444266676211708
1.4111074424064793
1.3162790761714471
1.3492040272230073
1.2918202619784704
1.2992066058274938
1.2810675983738085
1.2665345392544114
1.3217918329420895
1.229388305847685
1.2048700984925158
1.197104120715919
1.202757460504046
1.1943807896482759
1.2093733759724707
1.177516659952865
1.1580988560822785
1.1524553194878708
1.1488540299487322
1.183616187846011
1.171327188835805
1.152661405248986
1.1905724666156614
1.168359040497064
1.1793127769916896
1.2005741913780157
1.1576999805010617
1.1548292050723308
1.1962506090356364
1.1312222766647506
1.1305969881832372
1.1046508313433936
1.1240066044785304
1.1641375657674546
1.1519896430284517
1.1368182830398577
1.1637562354675792
1.1732306287614063
1.1554782583322385
1.1618240441704297
1.1480904678816883
1.11839742398944
1.2409925118343552
1.1018630197404407
1.1433191286354845
1.1607385800993775
1.1732960950164937
1.168732605847978
1.145472325870796
1.1370298569199047
1.1318768943966597
1.1639487301816618
1.1425828181533164
1.1063859385125325
1.1458387590271688
1.15539885795341
1.1488401794732093
1.1418279674881635
1.141110579036479
1.1473151555265848
1.1514671229652946
1.1543264762603782
1.1560078882931355
1.1019218849887475
1.1579304319619057
1.1464560902243657
1.1755541056474255
1.16029831745392
1.1510030119754409
1.1964433902659903
1.1560576529549214
1.125849605077104
1.1587547457977725
1.1779825656080374
1.1432784577801018
1.1232454725318766
1.1449619054203628
1.1306540707319246
1.1239777023819038
1.1492989959258852
1.163627054241116
1.1089195899327862
1.1697551104631736
1.1493919930688368
1.139898643479025
1.1676641510392627
1.14133791474358
1.1801271312665804
1.1963597405925361
