1.5626540691227624
1.4003047726200892
1.3246261675533115
1.2438345093797332
1.2041808180245988
1.1860462502246225
1.1428026253944465
1.129179188583055
1.1285168324303603
1.1225499762697402
1.1150421357726126
1.1122841697437251
1.1099413171930177
1.110092347204524
1.087460022546518
1.094875448198787
1.0950835157518974
1.0940730189586505
1.0865030283492174
1.105311281876244
1.0913530783981389
1.0907753419724415
1.0967095218074898
1.0999299684649828
1.089975123846465
1.0935390900893633
1.0859417791627972
1.100369666691568
1.0813938807790056
1.1122982652377988
1.0990590468662131
1.081983924297367
1.080182408978893
1.122915652251869
1.1005351391480176
1.106475492613581
1.101108362349858
1.1002652662932828
1.11478183020135
1.1019171269929193
1.0850484920798307
1.1229357951907637
1.104419686441736
1.1291648808006762
