1.5626540691227624
1.101215539899741
1.091833060861339
1.0790097672841563
1.0715519545745522
1.0899845316439576
1.0626681344283042
1.0824236345767657
1.0815245554334247
1.0794574982722946
1.070428826829929
1.0620851249907104
1.0826777496568503
1.0916691020452247
1.0756759189816267
1.086142968545687
1.1014870818932767
1.07878941119176
1.0774782040523072
1.0746548880046416
1.0679295519418674
1.079507178875938
1.0739222454148414
1.0889274905271178
1.0878864936092039
1.1060197296351064
1.0895782687166657
1.0874956130453897
1.072981773678897
1.0864535061929783
1.085352434767884
1.0932776118790344
1.1005449710642146
1.0791426645151703
1.0872980633895983
1.082500629176879
