1.5712307920146784
1.4883605356370413
1.4372823153033436
1.3902135091512702
1.3622274380276767
1.3455387780978376
1.3325771623665894
1.3210343520649017
1.3118660977184373
1.306332866900138
1.3007007613645396
1.2936870996680099
1.2871681995302557
1.2802545085630268
1.276839823412971
1.269583725371518
1.2646116730373722
1.26432341444453
1.2611147853954148
1.2593541897865892
1.2566777218144862
1.2540342812405163
1.2508331295744262
1.2495343552485902
1.2490303130775025
1.247340299553111
1.2451561378518248
1.2430416682631258
1.2422937960942333
1.2409109550432964
1.2401279208110534
1.2383009366303452
1.2368422995531645
1.2363963946011771
1.2322930410776467
1.2306090326966719
1.2303930172361275
1.2299120845551723
1.227558251503616
1.2265863262827736
1.2248221507022607
1.2223057882203796
1.2223050038389216
1.2221552894554149
1.2211162445173729
1.2197168133202478
1.2360539444154126
1.2359161419467752
1.235990785719172
1.2377893041085106
1.2409482338991937
1.2349738919696656
1.234014564940486
1.232253696185247
1.2329150958320645
1.232003989204758
1.2310995441342028
1.2916749412889539
1.2781603186716217
