1.5712307920146784
1.36167720557585
1.265315949307266
1.2134926707742306
1.1842090341473726
1.158779276127309
1.1401318762130994
1.1248078152110985
1.1132882516551923
1.1017257120313326
1.0920380727442751
1.0840750389712135
1.0755610967179245
1.068351901266986
1.0612968716727342
1.0547143168350293
1.050493881052014
1.0442642116480052
1.0388174037602798
1.0326908874495084
1.027471027647705
1.0237361742571829
1.019582697972497
1.0152921716130356
1.0117107712503455
1.0092869189250728
1.0071350588188404
1.005921122460274
1.0006223390990048
0.996993666937504
0.9944731875872843
0.9907783314749143
0.9876501144818293
0.9855172881480503
0.9844295140631962
0.9809116154597396
0.9783812416554154
0.9781202734002286
0.9755093205941499
0.9725242962027748
0.9708895409532784
0.9702774736227326
0.9683036486951663
0.9674424685026488
0.9661226914811263
0.965102414092467
0.9638038249195324
0.9625184169761716
0.9609683547555629
0.9601893866925739
0.9582623091369797
0.9587239949361971
0.9562664588902606
