1.5626540691227624
3.249131269919558
2.9270186687205255
2.4801868116894368
2.4231197313802317
2.4166576006165306
2.2312847896342527
2.266521831332752
2.25618596184053
2.2411864539797373
2.2241967672949086
2.27067633094634
2.2546652422889726
2.3021883075499985
2.279824833600859
2.318631413135747
2.3655082433880943
2.340589063164333
2.273811842788417
2.27311981955493
2.2433852576525246
2.2804910450750064
2.2916009854637567
2.2882096365506204
2.253087132160684
2.2342675566718193
2.1980973585141412
2.1969223756450456
2.2148601320302834
2.2062944093636965
2.265080560924079
2.2590671313009087
2.217973727321612
2.220349387617989
2.2501984736849563
2.2277062285686293
2.237760908660667
2.2913864499533974
2.2546900688013434
2.2604116240153718
2.2634107211648447
2.35542525931313
2.3610713018910543
2.4416578484982208
2.4570908928576745
2.4178248077381475
2.4073236796954367
2.5276992617087837
2.4799794165127755
2.5866994741890657
2.4760357393835717
2.421008544951687
2.436760048837346
2.480989300876627
2.498998695289628
2.461251690553071
2.4790440436019607
2.406388381765155
2.444225901530401
2.3663207738931353
2.3841676613295633
2.359588792347008
2.3133042862576256
2.3815149269936144
2.421458013664112
2.342158251346084
2.4253093374656287
2.3870168293773197
2.3460072233972076
2.3640718012944264
2.2998173132497657
2.2998644316153896
2.248524597668535
2.3437786905616536
2.338538048075275
2.3119679228703585
2.3335259316129497
2.4234569147094236
2.4199570799096026
2.3462144436407972
2.3476381023079314
2.4081974482842945
2.419722517020327
2.4595411913383165
2.4007325407828626
2.3554102671141433
2.345313505071892
2.310518620480079
2.329023201231911
2.395687177840887
2.3872819540730363
2.325756644492952
2.320879788673494
2.414573146284547
2.374266529695709
2.459000580200373
2.3833928228843084
2.4039597358870344
2.3585351423369554
2.4097456398071198
2.380328565695589
2.4115210335414456
2.343817027354059
2.3488192842550015
2.3726016940357813
2.3494867536897073
2.3589949659815272
2.3602640884170754
2.3559925605852863
2.3267743698898835
2.3344543069475767
2.4442963556718373
2.332477446127427
2.420841373072622
2.37984809643177
2.2920001208289973
2.2787743283472635
2.2965839081142314
2.281773161369468
2.3054988603469466
2.256094872011492
2.321923241436746
2.2813410909394727
2.2778268105214483
2.2451816000156364
2.258710144803008
2.3058974194437396
2.239563657370078
2.3329838438154407
2.291130925846921
2.2830546053953884
2.3014479333551825
2.3056898127220906
2.2514220264980738
2.2553060178090694
2.243466707977366
2.2745729237804175
2.284715706499506
2.3055869951509855
2.22292779240364
2.2555062073550394
2.259624672094913
2.2444422657952257
2.287411664281742
2.286640801563646
2.2982241744167067
2.2413205701595755
2.2321131969505634
2.3043614767434795
2.319625350443437
2.320343430789078
2.258983869522466
2.2928601134055837
2.2849113543358985
2.2359276619793347
2.300745614937821
2.2410779597857156
2.315558467483158
2.281932460923225
2.287389094123403
2.1865099532936703
2.332111064815547
2.2601371558615937
2.2962881374627124
2.351649688092839
2.2746713086165204
2.2896834797113637
2.268261763605623
2.2619557618006816
2.269335817238941
2.2821021716772165
2.297258143238649
2.272797041616089
2.332200402503249
2.3287556550408257
2.252270090379296
2.2962893871665764
2.286340462504651
2.220201461240705
2.3216072553557203
2.270264916964451
2.2803040738334985
2.3342081290310652
2.2990919065500846
2.4272010036392624
2.3089905357576272
2.3116520725738576
2.2772049577289435
2.2101301482514266
2.235545013983315
2.3209300731113816
2.2399394159041854
2.2756227970055325
2.3107696509786626
2.254229098970311
2.310008633655433
2.253256211071448
2.423365322568595
2.233707457449427
2.270978130950619
