1.5626540691227624
1.408622919423715
1.3528376940856055
1.302161235660261
1.2782900220271514
1.271396650323021
1.229235244065371
1.2256191453999177
1.20386110162059
1.23186191077757
1.2051899688255907
1.2019990591874732
1.2078365207566053
1.2196941113458224
1.1975229959973341
1.2520191485834875
1.2046323239935868
1.1992318539654578
1.209052500889202
1.2007091899991145
1.1948799689621425
1.190121119018743
1.179659554124911
1.1780072321458253
1.1855626164757767
1.1783026060448631
1.1590914214428794
1.1822813227942612
1.1779805866733304
1.2146516858438745
1.192763539522166
1.19004896079644
1.166244342790169
1.1706121265897775
1.1798249068648938
